{
    "w": 640,
    "h": 480,
    "fl_x": 478.5642908164689,
    "fl_y": 478.4637725800075,
    "cx": 317.9912259927369,
    "cy": 238.0490002597227,
    "k1": -0.0030738107781729776,
    "k2": -0.02008359559021502,
    "p1": 0.00023369033215527404,
    "p2": -0.0029649879950654065,
    "camera_model": "OPENCV",
    "frames": [
        {
            "file_path": "images/frame_00001.jpg",
            "transform_matrix": [
                [
                    0.9183865726313347,
                    -0.15040171841141461,
                    0.3659855547823761,
                    4.716817715956143
                ],
                [
                    0.24919655574324726,
                    -0.49861870535155245,
                    -0.8302291631105502,
                    -2.161741350153426
                ],
                [
                    0.3073551363100554,
                    0.8536736553112292,
                    -0.4204451336516954,
                    -3.385829422168956
                ],
                [
                    0.0,
                    0.0,
                    0.0,
                    1.0
                ]
            ],
            "colmap_im_id": 1
        },
        {
            "file_path": "images/frame_00002.jpg",
            "transform_matrix": [
                [
                    0.895530808502876,
                    -0.22924112233324664,
                    0.38140933241542313,
                    5.011950076751861
                ],
                [
                    0.22564094532280907,
                    -0.5048223245491416,
                    -0.8332110083470036,
                    -2.2908218511213474
                ],
                [
                    0.38355017248857326,
                    0.8322276902796463,
                    -0.40035776090365854,
                    -2.8214590535843933
                ],
                [
                    0.0,
                    0.0,
                    0.0,
                    1.0
                ]
            ],
            "colmap_im_id": 2
        },
        {
            "file_path": "images/frame_00003.jpg",
            "transform_matrix": [
                [
                    0.8454270467679125,
                    -0.2422623156874221,
                    0.4759853768668252,
                    4.481977779221333
                ],
                [
                    0.3054892110598315,
                    -0.5116831630384346,
                    -0.803029689730725,
                    -2.4841212149754512
                ],
                [
                    0.43809753539517604,
                    0.8243114163110629,
                    -0.35858226171956964,
                    -2.057262690569679
                ],
                [
                    0.0,
                    0.0,
                    0.0,
                    1.0
                ]
            ],
            "colmap_im_id": 3
        },
        {
            "file_path": "images/frame_00004.jpg",
            "transform_matrix": [
                [
                    0.8130530202640059,
                    -0.26007485698008453,
                    0.5208702861618875,
                    4.323451911351508
                ],
                [
                    0.3515070281802371,
                    -0.4939076513475902,
                    -0.7952974544660667,
                    -2.4621273460711173
                ],
                [
                    0.4640986914218526,
                    0.829708563718066,
                    -0.3101549675781901,
                    -2.11946534917042
                ],
                [
                    0.0,
                    0.0,
                    0.0,
                    1.0
                ]
            ],
            "colmap_im_id": 4
        },
        {
            "file_path": "images/frame_00005.jpg",
            "transform_matrix": [
                [
                    0.8095778892949351,
                    -0.2616002459511418,
                    0.5254987654438968,
                    4.174160767688638
                ],
                [
                    0.37243178371140356,
                    -0.4630603607096427,
                    -0.8042820828670733,
                    -2.488720571279181
                ],
                [
                    0.4537380385710459,
                    0.8468414335976704,
                    -0.27745518322053814,
                    -2.2545734527311345
                ],
                [
                    0.0,
                    0.0,
                    0.0,
                    1.0
                ]
            ],
            "colmap_im_id": 5
        },
        {
            "file_path": "images/frame_00006.jpg",
            "transform_matrix": [
                [
                    0.8225075883338002,
                    -0.23570088082072896,
                    0.5176160371488198,
                    4.02176024251456
                ],
                [
                    0.3846360093312872,
                    -0.4398961847825304,
                    -0.8115087719424084,
                    -2.5406267253368378
                ],
                [
                    0.418970652264592,
                    0.8665658898168714,
                    -0.27115890386796426,
                    -2.3367236202434527
                ],
                [
                    0.0,
                    0.0,
                    0.0,
                    1.0
                ]
            ],
            "colmap_im_id": 6
        },
        {
            "file_path": "images/frame_00007.jpg",
            "transform_matrix": [
                [
                    0.8541581501111014,
                    -0.19809550604937134,
                    0.4808035202469136,
                    3.873199793985799
                ],
                [
                    0.35798015004033085,
                    -0.4466377755931616,
                    -0.8199786031295541,
                    -2.653624879886807
                ],
                [
                    0.3771790911170488,
                    0.8725095230977346,
                    -0.31058503719252284,
                    -2.3874102126459444
                ],
                [
                    0.0,
                    0.0,
                    0.0,
                    1.0
                ]
            ],
            "colmap_im_id": 7
        },
        {
            "file_path": "images/frame_00008.jpg",
            "transform_matrix": [
                [
                    0.8597871426044335,
                    -0.20642858969258487,
                    0.4670688458564044,
                    3.7138881503395536
                ],
                [
                    0.3478048182847575,
                    -0.4329740634738703,
                    -0.8316040336222712,
                    -2.843786734912355
                ],
                [
                    0.37389554395580865,
                    0.8774512509059721,
                    -0.3004686747292214,
                    -2.5354701109587956
                ],
                [
                    0.0,
                    0.0,
                    0.0,
                    1.0
                ]
            ],
            "colmap_im_id": 8
        },
        {
            "file_path": "images/frame_00009.jpg",
            "transform_matrix": [
                [
                    0.8719567735174876,
                    -0.1774371531929276,
                    0.45629753646470894,
                    3.368838458275928
                ],
                [
                    0.35714023583344806,
                    -0.4069710099006362,
                    -0.8407291175219788,
                    -3.0010226959389263
                ],
                [
                    0.3348764504497172,
                    0.8960416584998969,
                    -0.2914911819711744,
                    -2.6972471037615224
                ],
                [
                    0.0,
                    0.0,
                    0.0,
                    1.0
                ]
            ],
            "colmap_im_id": 9
        },
        {
            "file_path": "images/frame_00010.jpg",
            "transform_matrix": [
                [
                    0.9494977027225251,
                    -0.10356121252100285,
                    0.2961911338744407,
                    2.6153684221596665
                ],
                [
                    0.2375431679597269,
                    -0.37949654371073965,
                    -0.8941787386575795,
                    -2.8075249354322374
                ],
                [
                    0.20500574596899507,
                    0.919378838440815,
                    -0.33573083794449604,
                    -2.67669015844288
                ],
                [
                    0.0,
                    0.0,
                    0.0,
                    1.0
                ]
            ],
            "colmap_im_id": 10
        },
        {
            "file_path": "images/frame_00011.jpg",
            "transform_matrix": [
                [
                    0.9654540457890646,
                    -0.10613313676048827,
                    0.23797950069471605,
                    2.4599309092578245
                ],
                [
                    0.18952664385884918,
                    -0.34074925827840236,
                    -0.9208526452426139,
                    -2.8182328001944597
                ],
                [
                    0.17882431808098082,
                    0.9341443679989181,
                    -0.30886269279207884,
                    -2.7402706642926598
                ],
                [
                    0.0,
                    0.0,
                    0.0,
                    1.0
                ]
            ],
            "colmap_im_id": 11
        },
        {
            "file_path": "images/frame_00012.jpg",
            "transform_matrix": [
                [
                    0.9510716304371606,
                    -0.10884635588781928,
                    0.28916297236600513,
                    2.3328542687278997
                ],
                [
                    0.23758115238084324,
                    -0.34069505990167326,
                    -0.9096604158651654,
                    -3.0139606667089165
                ],
                [
                    0.19752961755390347,
                    0.933851887061614,
                    -0.29816556343828704,
                    -2.8779938158752154
                ],
                [
                    0.0,
                    0.0,
                    0.0,
                    1.0
                ]
            ],
            "colmap_im_id": 12
        },
        {
            "file_path": "images/frame_00013.jpg",
            "transform_matrix": [
                [
                    0.9462783462074748,
                    -0.11998338906995076,
                    0.30026867609881586,
                    2.2185783735678077
                ],
                [
                    0.24359560360180427,
                    -0.3461619877529839,
                    -0.9059983775596817,
                    -3.087139779756251
                ],
                [
                    0.21264635760981043,
                    0.9304707757808366,
                    -0.298338167208101,
                    -3.017427888979654
                ],
                [
                    0.0,
                    0.0,
                    0.0,
                    1.0
                ]
            ],
            "colmap_im_id": 13
        },
        {
            "file_path": "images/frame_00014.jpg",
            "transform_matrix": [
                [
                    0.9658257505047275,
                    -0.07523584061525987,
                    0.24803263484649593,
                    1.7129420363131238
                ],
                [
                    0.21376582000113103,
                    -0.3099499276879956,
                    -0.9264098534263603,
                    -2.9663504218395342
                ],
                [
                    0.14657692131172634,
                    0.9477713915354914,
                    -0.28327477036554893,
                    -2.970290309281172
                ],
                [
                    0.0,
                    0.0,
                    0.0,
                    1.0
                ]
            ],
            "colmap_im_id": 14
        },
        {
            "file_path": "images/frame_00015.jpg",
            "transform_matrix": [
                [
                    0.9799065944497981,
                    -0.05721797128257547,
                    0.19107372900559982,
                    1.1944985281366363
                ],
                [
                    0.16541832893565742,
                    -0.30212271533861235,
                    -0.9388070309326397,
                    -2.749351047664882
                ],
                [
                    0.11144434757282971,
                    0.9515502974823401,
                    -0.2865871398987334,
                    -2.8865436590725806
                ],
                [
                    0.0,
                    0.0,
                    0.0,
                    1.0
                ]
            ],
            "colmap_im_id": 15
        },
        {
            "file_path": "images/frame_00016.jpg",
            "transform_matrix": [
                [
                    0.9917776184925381,
                    -0.05285447993256374,
                    0.11654852812596117,
                    0.7903475651724897
                ],
                [
                    0.09564394132458386,
                    -0.2989524382391164,
                    -0.9494628355858836,
                    -2.4896125079836597
                ],
                [
                    0.08502583104662548,
                    0.9528031505100861,
                    -0.29143912646191683,
                    -2.7582793811226494
                ],
                [
                    0.0,
                    0.0,
                    0.0,
                    1.0
                ]
            ],
            "colmap_im_id": 16
        },
        {
            "file_path": "images/frame_00017.jpg",
            "transform_matrix": [
                [
                    0.9887029106088021,
                    -0.06063898349620832,
                    0.13707468122972058,
                    0.6358740969851241
                ],
                [
                    0.11070711543938512,
                    -0.32108407217321694,
                    -0.9405577883297521,
                    -2.5423098286821273
                ],
                [
                    0.10104696504484233,
                    0.9451073654761192,
                    -0.3107435897617446,
                    -2.7553472575386957
                ],
                [
                    0.0,
                    0.0,
                    0.0,
                    1.0
                ]
            ],
            "colmap_im_id": 17
        },
        {
            "file_path": "images/frame_00018.jpg",
            "transform_matrix": [
                [
                    0.9834776210789961,
                    -0.05635475846469719,
                    0.17203461871142228,
                    0.4850816841574659
                ],
                [
                    0.1454834907833947,
                    -0.3194981432017709,
                    -0.9363522256074893,
                    -2.6680207375472182
                ],
                [
                    0.10773264475671575,
                    0.9459096561982051,
                    -0.3060205868315349,
                    -2.903258603217939
                ],
                [
                    0.0,
                    0.0,
                    0.0,
                    1.0
                ]
            ],
            "colmap_im_id": 18
        },
        {
            "file_path": "images/frame_00019.jpg",
            "transform_matrix": [
                [
                    0.9910101555286686,
                    -0.04855208942644357,
                    0.12466581829583721,
                    0.13013855068996869
                ],
                [
                    0.10381213299492141,
                    -0.30872010978917425,
                    -0.9454707477520417,
                    -2.4826963791039307
                ],
                [
                    0.08439142540619171,
                    0.9499129372864055,
                    -0.300904468052278,
                    -2.8280278893569184
                ],
                [
                    0.0,
                    0.0,
                    0.0,
                    1.0
                ]
            ],
            "colmap_im_id": 19
        },
        {
            "file_path": "images/frame_00020.jpg",
            "transform_matrix": [
                [
                    0.9984434843135723,
                    -0.019548969706497225,
                    0.05223453278423681,
                    -0.33262406306228476
                ],
                [
                    0.04420609643818495,
                    -0.2936613763159672,
                    -0.9548868085264923,
                    -2.207527271459913
                ],
                [
                    0.0340063180816587,
                    0.9557095970239214,
                    -0.2923401041371209,
                    -2.630433139450419
                ],
                [
                    0.0,
                    0.0,
                    0.0,
                    1.0
                ]
            ],
            "colmap_im_id": 20
        },
        {
            "file_path": "images/frame_00021.jpg",
            "transform_matrix": [
                [
                    0.9995410368437369,
                    -0.017469201892192913,
                    -0.02474959899872159,
                    -0.6373298079776658
                ],
                [
                    -0.02901433044465026,
                    -0.31712095814111846,
                    -0.9479411725083512,
                    -1.8790323852389226
                ],
                [
                    0.008711159176387403,
                    0.9482241954795864,
                    -0.3174822685015572,
                    -2.406205151893395
                ],
                [
                    0.0,
                    0.0,
                    0.0,
                    1.0
                ]
            ],
            "colmap_im_id": 21
        },
        {
            "file_path": "images/frame_00022.jpg",
            "transform_matrix": [
                [
                    0.998844432238661,
                    -0.008502729572448017,
                    -0.04730225973084982,
                    -0.8612609898186598
                ],
                [
                    -0.047501296259179426,
                    -0.3243458722842684,
                    -0.9447451412872441,
                    -1.7167654458212034
                ],
                [
                    -0.00730938024216987,
                    0.9459003429124946,
                    -0.3243749593271658,
                    -2.326413337829826
                ],
                [
                    0.0,
                    0.0,
                    0.0,
                    1.0
                ]
            ],
            "colmap_im_id": 22
        },
        {
            "file_path": "images/frame_00023.jpg",
            "transform_matrix": [
                [
                    0.9998800788841872,
                    -0.0016444837281374023,
                    -0.015398815662886945,
                    -0.9157342495255337
                ],
                [
                    -0.015107259261849767,
                    -0.3222474032800858,
                    -0.9465349342717558,
                    -1.8697045891241453
                ],
                [
                    -0.0034056670634305237,
                    0.9466540586468268,
                    -0.32223360265394957,
                    -2.4520043991511575
                ],
                [
                    0.0,
                    0.0,
                    0.0,
                    1.0
                ]
            ],
            "colmap_im_id": 23
        },
        {
            "file_path": "images/frame_00024.jpg",
            "transform_matrix": [
                [
                    0.9999984825152286,
                    0.0015211685078402905,
                    0.0008491252031410026,
                    -1.1528578884202287
                ],
                [
                    0.0012909033161932946,
                    -0.3197181616267947,
                    -0.9475118103193284,
                    -2.0222638342950994
                ],
                [
                    -0.001169844377725285,
                    0.9475114686231263,
                    -0.31971964014082455,
                    -2.5966108456428207
                ],
                [
                    0.0,
                    0.0,
                    0.0,
                    1.0
                ]
            ],
            "colmap_im_id": 24
        },
        {
            "file_path": "images/frame_00025.jpg",
            "transform_matrix": [
                [
                    0.9971320240571845,
                    0.032164177715877096,
                    -0.06850687754878242,
                    -1.6141446866968225
                ],
                [
                    -0.05516844472865157,
                    -0.3107536823481859,
                    -0.9488880817110438,
                    -1.7155260344800698
                ],
                [
                    -0.0518089693570921,
                    0.9499461114078547,
                    -0.30808800060250907,
                    -2.463465659048314
                ],
                [
                    0.0,
                    0.0,
                    0.0,
                    1.0
                ]
            ],
            "colmap_im_id": 25
        },
        {
            "file_path": "images/frame_00026.jpg",
            "transform_matrix": [
                [
                    0.9896671384736432,
                    0.040327356126148226,
                    -0.13759600057147595,
                    -2.0913114750126005
                ],
                [
                    -0.1186765814421656,
                    -0.30815667781193595,
                    -0.9439043017897055,
                    -1.3732846287293299
                ],
                [
                    -0.08046629134359201,
                    0.950480492313117,
                    -0.30018662476803104,
                    -2.1228872511729997
                ],
                [
                    0.0,
                    0.0,
                    0.0,
                    1.0
                ]
            ],
            "colmap_im_id": 26
        },
        {
            "file_path": "images/frame_00027.jpg",
            "transform_matrix": [
                [
                    0.9796969083426517,
                    0.059100072980238595,
                    -0.19157543986007322,
                    -2.3904701587727235
                ],
                [
                    -0.16700602684511337,
                    -0.28809349063631196,
                    -0.9429268941176694,
                    -1.0843088673169516
                ],
                [
                    -0.11091868544685933,
                    0.9557768160123553,
                    -0.2723742337153515,
                    -1.9130532973281886
                ],
                [
                    0.0,
                    0.0,
                    0.0,
                    1.0
                ]
            ],
            "colmap_im_id": 27
        },
        {
            "file_path": "images/frame_00028.jpg",
            "transform_matrix": [
                [
                    0.9663280495699248,
                    0.07483725878143581,
                    -0.24618993747199538,
                    -2.602603400511067
                ],
                [
                    -0.2196631571905688,
                    -0.25835959743216147,
                    -0.940743544111658,
                    -1.0360651574605726
                ],
                [
                    -0.13400820119476295,
                    0.9631457330605642,
                    -0.23322113733487387,
                    -1.8984306478339352
                ],
                [
                    0.0,
                    0.0,
                    0.0,
                    1.0
                ]
            ],
            "colmap_im_id": 28
        },
        {
            "file_path": "images/frame_00029.jpg",
            "transform_matrix": [
                [
                    0.9675459091689391,
                    0.06311845680065346,
                    -0.2446854594403904,
                    -2.7692754162573343
                ],
                [
                    -0.22105375780375067,
                    -0.2577425915275853,
                    -0.9405870468348397,
                    -1.1768688928764646
                ],
                [
                    -0.12243426730818312,
                    0.964149789671578,
                    -0.2354252179885579,
                    -1.9275243388639998
                ],
                [
                    0.0,
                    0.0,
                    0.0,
                    1.0
                ]
            ],
            "colmap_im_id": 29
        },
        {
            "file_path": "images/frame_00030.jpg",
            "transform_matrix": [
                [
                    0.9676461409839521,
                    0.07944079635364376,
                    -0.23947882101255788,
                    -3.081136974737463
                ],
                [
                    -0.21227239919140403,
                    -0.2567392098158575,
                    -0.9428814382968065,
                    -1.2608124874302653
                ],
                [
                    -0.1363868555997646,
                    0.9632103290651673,
                    -0.23156961718191996,
                    -2.0072713730538982
                ],
                [
                    0.0,
                    0.0,
                    0.0,
                    1.0
                ]
            ],
            "colmap_im_id": 30
        },
        {
            "file_path": "images/frame_00031.jpg",
            "transform_matrix": [
                [
                    0.961149036510447,
                    0.0893719734824859,
                    -0.2611612145225344,
                    -3.4106239171634294
                ],
                [
                    -0.23135498074007985,
                    -0.25522579406538587,
                    -0.9387942623016239,
                    -1.1422328187801032
                ],
                [
                    -0.1505569742715251,
                    0.9627421484486586,
                    -0.22463337485481596,
                    -1.9113384892978154
                ],
                [
                    0.0,
                    0.0,
                    0.0,
                    1.0
                ]
            ],
            "colmap_im_id": 31
        },
        {
            "file_path": "images/frame_00032.jpg",
            "transform_matrix": [
                [
                    0.9391036052257127,
                    0.11976439248310362,
                    -0.3220883558050834,
                    -3.8195697563548356
                ],
                [
                    -0.2824042802918491,
                    -0.26504867562370804,
                    -0.921952830693068,
                    -0.6935566736188182
                ],
                [
                    -0.1957862128059881,
                    0.9567683574634309,
                    -0.2150861897747432,
                    -1.5267152369164412
                ],
                [
                    0.0,
                    0.0,
                    0.0,
                    1.0
                ]
            ],
            "colmap_im_id": 32
        },
        {
            "file_path": "images/frame_00033.jpg",
            "transform_matrix": [
                [
                    0.9115588772391939,
                    0.12520213092572496,
                    -0.3916437663720411,
                    -4.057524388934466
                ],
                [
                    -0.3475349520342044,
                    -0.27440355715493625,
                    -0.896617055902519,
                    -0.2201617347859777
                ],
                [
                    -0.21972680865339017,
                    0.9534291343526142,
                    -0.20662288190474262,
                    -1.2635177025767392
                ],
                [
                    0.0,
                    0.0,
                    0.0,
                    1.0
                ]
            ],
            "colmap_im_id": 33
        },
        {
            "file_path": "images/frame_00034.jpg",
            "transform_matrix": [
                [
                    0.9080963497437825,
                    0.09571645690851838,
                    -0.4076755811413009,
                    -4.218470973920738
                ],
                [
                    -0.3686124345883367,
                    -0.2792510162953122,
                    -0.8866474738952873,
                    -0.07366146093888741
                ],
                [
                    -0.19871057508063533,
                    0.9554356230405661,
                    -0.21830455234879592,
                    -1.1620895899089294
                ],
                [
                    0.0,
                    0.0,
                    0.0,
                    1.0
                ]
            ],
            "colmap_im_id": 34
        },
        {
            "file_path": "images/frame_00035.jpg",
            "transform_matrix": [
                [
                    0.9089263089021062,
                    0.11686698209779044,
                    -0.40024376757289765,
                    -4.501545888317502
                ],
                [
                    -0.35926969416143284,
                    -0.2676525963968546,
                    -0.8940287324796518,
                    -0.23382709393934936
                ],
                [
                    -0.21160872345615495,
                    0.956401691831093,
                    -0.20128972159521547,
                    -1.3608492119879387
                ],
                [
                    0.0,
                    0.0,
                    0.0,
                    1.0
                ]
            ],
            "colmap_im_id": 35
        },
        {
            "file_path": "images/frame_00036.jpg",
            "transform_matrix": [
                [
                    0.8969851767383829,
                    0.12490811547840079,
                    -0.4240466429524548,
                    -4.8195247658014475
                ],
                [
                    -0.38150122004717646,
                    -0.26587616569127004,
                    -0.8853059830475699,
                    -0.310479497306499
                ],
                [
                    -0.22332579746667872,
                    0.955880655314743,
                    -0.19083438102430383,
                    -1.4590473210052655
                ],
                [
                    0.0,
                    0.0,
                    0.0,
                    1.0
                ]
            ],
            "colmap_im_id": 36
        },
        {
            "file_path": "images/frame_00037.jpg",
            "transform_matrix": [
                [
                    0.871877348267115,
                    0.16338828775804648,
                    -0.46166455029837133,
                    -5.031281140765159
                ],
                [
                    -0.41009751515483,
                    -0.2716751160740013,
                    -0.8706392245758353,
                    0.0005533242543134161
                ],
                [
                    -0.2676750224480006,
                    0.9484181033329507,
                    -0.16986224897778382,
                    -1.3380603018469532
                ],
                [
                    0.0,
                    0.0,
                    0.0,
                    1.0
                ]
            ],
            "colmap_im_id": 37
        },
        {
            "file_path": "images/frame_00038.jpg",
            "transform_matrix": [
                [
                    0.7424892158366102,
                    0.23765612049079743,
                    -0.6262821510785685,
                    -5.165725809108322
                ],
                [
                    -0.5423617559081239,
                    -0.3354251555417209,
                    -0.7702815658952695,
                    0.5598795385561575
                ],
                [
                    -0.39313291657477895,
                    0.9115972429878646,
                    -0.12015396989834361,
                    -0.8151970880514404
                ],
                [
                    0.0,
                    0.0,
                    0.0,
                    1.0
                ]
            ],
            "colmap_im_id": 38
        },
        {
            "file_path": "images/frame_00039.jpg",
            "transform_matrix": [
                [
                    0.6556774985765752,
                    0.26675201081474964,
                    -0.7063500425331998,
                    -5.289627481504372
                ],
                [
                    -0.6091954396334909,
                    -0.36577390402885773,
                    -0.7036265824009534,
                    1.1086104953168145
                ],
                [
                    -0.44605821838648246,
                    0.8916573421767893,
                    -0.0773256099368206,
                    -0.41895154134000284
                ],
                [
                    0.0,
                    0.0,
                    0.0,
                    1.0
                ]
            ],
            "colmap_im_id": 39
        },
        {
            "file_path": "images/frame_00040.jpg",
            "transform_matrix": [
                [
                    0.5989926942804306,
                    0.3328429357491222,
                    -0.728301676725089,
                    -5.551800231279416
                ],
                [
                    -0.6356192563341836,
                    -0.3555467299957907,
                    -0.6852551960886393,
                    1.4651508130637492
                ],
                [
                    -0.48702763081354017,
                    0.873385426321739,
                    -0.0014085144458318563,
                    -0.1527287409543716
                ],
                [
                    0.0,
                    0.0,
                    0.0,
                    1.0
                ]
            ],
            "colmap_im_id": 40
        },
        {
            "file_path": "images/frame_00041.jpg",
            "transform_matrix": [
                [
                    0.6043347413177441,
                    0.33472983527402944,
                    -0.7230044659708798,
                    -5.737967367670194
                ],
                [
                    -0.6453807823812944,
                    -0.3264511928624575,
                    -0.6905890705850962,
                    1.4694930636903094
                ],
                [
                    -0.4671864362000721,
                    0.8839601552423616,
                    0.01874240578411243,
                    -0.28703435907238084
                ],
                [
                    0.0,
                    0.0,
                    0.0,
                    1.0
                ]
            ],
            "colmap_im_id": 41
        },
        {
            "file_path": "images/frame_00042.jpg",
            "transform_matrix": [
                [
                    0.614484385991869,
                    0.33235973560274384,
                    -0.7155039800883505,
                    -6.016978337747523
                ],
                [
                    -0.652387933740395,
                    -0.2959066602023023,
                    -0.697731490157824,
                    1.5153375028913652
                ],
                [
                    -0.44362024669996103,
                    0.8955312694696894,
                    0.03499745876306141,
                    -0.5733315262752942
                ],
                [
                    0.0,
                    0.0,
                    0.0,
                    1.0
                ]
            ],
            "colmap_im_id": 42
        },
        {
            "file_path": "images/frame_00043.jpg",
            "transform_matrix": [
                [
                    0.5654237457963629,
                    0.28035338656175013,
                    -0.7756919274640985,
                    -5.940997859664188
                ],
                [
                    -0.6936980385689772,
                    -0.3471083052593625,
                    -0.631109226446205,
                    1.8306449753912235
                ],
                [
                    -0.4461827192699915,
                    0.8949401114394925,
                    -0.0017826837927199862,
                    -0.4448608742609498
                ],
                [
                    0.0,
                    0.0,
                    0.0,
                    1.0
                ]
            ],
            "colmap_im_id": 43
        },
        {
            "file_path": "images/frame_00044.jpg",
            "transform_matrix": [
                [
                    0.45046881234648556,
                    0.21697947385490396,
                    -0.8660241088034425,
                    -5.773342010593293
                ],
                [
                    -0.8003062264805049,
                    -0.33180196905572634,
                    -0.4994170573651631,
                    2.1792084527403026
                ],
                [
                    -0.3957117548919701,
                    0.9180562952544861,
                    0.024183585009784892,
                    0.007285188102378924
                ],
                [
                    0.0,
                    0.0,
                    0.0,
                    1.0
                ]
            ],
            "colmap_im_id": 44
        },
        {
            "file_path": "images/frame_00045.jpg",
            "transform_matrix": [
                [
                    0.36832433366206424,
                    0.2313368880227383,
                    -0.900455678793993,
                    -5.582490057686995
                ],
                [
                    -0.8481083031282919,
                    -0.3131614081122411,
                    -0.4273666325697494,
                    2.758597215629868
                ],
                [
                    -0.3808536351372337,
                    0.9210934679548612,
                    0.0808537685803295,
                    0.5332760464310538
                ],
                [
